-4.08
-4.17
0.555
4.78
2.37
0.674
-1.87
-2.05
1.13
1.16
-0.385
-4.44
2.37
-4.15
-3.22
-3.29
-3.56
1.79
2.35
2.85
-0.0231
1.09
2.56
0.993
3.89
-1.18
-3.65
-3.51
-4.1
-4.42
-2.04
-5.17
-0.605
-5.77
-1.36
-4.66
4.12
-0.491
-3.03
1.39
-1.97
-0.788
-4.12
-0.771
-0.378
-2.59
0.804
2.58
3.25
2.28
3.62
1.04
1.27
3.63
1.03
1.95
-0.41
1.99
2.32
-1.03
0.726
-1.27
4.86
4.34
-0.822
4.04
4.74
3.49
2.37
1.34
2.83
4.61
-0.405
2.65
2.83
-2.09
4.74
-1.28
-0.375
2.34
0.621
-0.283
-3.45
-3.8
-4.17
-4.92
-5.06
3.69
-4.96
-3.07
-3.56
-0.154
-0.703
5.81
5.75
2.35
-0.988
4.78
2.88
-0.503
-1.88
0.328
3.39
1.15
-4.78
-0.378
4.13
0.715
0.842
-4.08
-2.33
-3.23
2.23
1.74
-3.97
-2.3
-0.0835
1.51
1.09
2.74
0.259
-2.21
-0.113
-2.22
2.02
1.62
-1.24
-2.81
-1.73
-5.45
4.78
-1.69
-1.76
-3.06
1.39
3.66
1.1
-1.49
-3.43
-1.92
0.878
0.826
2.58
3.26
2.39
3.65
-1.23
-1.18
2.1
1.03
1.19
-0.414
-1.22
4.7
4.82
-5.15
-3.1
-5.11
2.85
-4.08
1.08
2.57
0.995
-4.66
-4.54
2.37
-3.09
3.88
-1.19
-2.09
-3.46
-0.622
-1.29
-1.44
-2.52
4.11
-0.481
-3.81
-4.17
-4.91
-1.33
-4.57
-4.98
-3.08
-3.56
-0.151
-5.07
-4.09
-4.19
0.528
1.3
-4.45
2.88
-0.768
0.658
1.15
0.606
-4.76
-2.27
4.12
0.708
-0.745
-4.25
-3.2
-4.09
-0.323
-2.52
-3.93
-5.3
1.29
-4.57
-2.54
-5.02
-4.8
0.964
-3.71
-3.96
-4.48
3.61
-5.21
-5.76
-5.48
-5.66
4.78
-3.79
-2.54
-3.51
-5.16
-1.94
-4.58
-5.09
-4.85
0.862
-3.86
-4.58
-4.06
-5.09
2.04
2
2.32
-0.936
-1.16
4.88
4.35
-0.619
4.07
4.76
3.48
2.82
4.62
-0.378
2.61
2.89
-1.44
4.75
-0.376
2.39
0.628
-0.209
-0.852
-0.504
0.442
3.45
0.93
2.4
1.56
1.07
2.84
0.239
-0.0972
2.12
1.67
-1.13
-2.85
-1.75
-1.73
-1.76
-1.44
-2.01
2.07
1.17
-1.18
4.7
4.83
-0.785
-0.903
-0.921
-0.833
-0.829
-0.524
-0.488
-0.463
-0.416
-0.568
-0.521
-0.503
-0.518
-0.218
-0.183
-0.161
-0.171
-0.418
-0.409
-0.329
-0.309
-0.704
-0.736
-0.589
-0.579
-0.627
-0.709
-1.48
-1.53
-0.659
-0.639
-0.69
6.8
6.64
6.69
6.58
6.34
5.61
5.98
5.06
6.77
6.65
6.66
6.6
6.33
5.6
5.97
5.07
0.737
2.01
0.817
2.04
